25070000
25070001
25070002
25070003
25070004
25070005
25070006
25070007
25070008
25070009
25070010
25070011
25070012
25070013
25070014
25070015
25070016
25070017
25070018
25070019
25070020
25070021
25070022
25070023
25070024
25070025
25070026
25070027
25070028
25070029
25070030
25070031
25070032
25070033
25070034
25070035
25070036
25070037
25070038
25070039
25070040
25070041
25070042
25070043
25070044
25070045
25070046
25070047
25070048
25070049
25070050
25070051
25070052
25070053
25070054
25070055
25070056
25070057
25070058
25070059
25070060
25070061
25070062
25070063
25070064
25070065
25070066
25070067
25070068
25070069
25070070
25070071
25070072
25070073
25070074
25070075
25070076
25070077
25070078
25070079
25070080
25070081
25070082
25070083
25070084
25070085
25070086
25070087
25070088
25070089
25070090
25070091
25070092
25070093
25070094
25070095
25070096
25070097
25070098
25070099
25070100
25070101
25070102
25070103
25070104
25070105
25070106
25070107
25070108
25070109
25070110
25070111
25070112
25070113
25070114
25070115
25070116
25070117
25070118
25070119
25070120
25070121
25070122
25070123
25070124
25070125
25070126
25070127
25070128
25070129
25070130
25070131
25070132
25070133
25070134
25070135
25070136
25070137
25070138
25070139
25070140
25070141
25070142
25070143
25070144
25070145
25070146
25070147
25070148
25070149
25070150
25070151
25070152
25070153
25070154
25070155
25070156
25070157
25070158
25070159
25070160
25070161
25070162
25070163
25070164
25070165
25070166
25070167
25070168
25070169
25070170
25070171
25070172
25070173
25070174
25070175
25070176
25070177
25070178
25070179
25070180
25070181
25070182
25070183
25070184
25070185
25070186
25070187
25070188
25070189
25070190
25070191
25070192
25070193
25070194
25070195
25070196
25070197
25070198
25070199
25070200
25070201
25070202
25070203
25070204
25070205
25070206
25070207
25070208
25070209
25070210
25070211
25070212
25070213
25070214
25070215
25070216
25070217
25070218
25070219
25070220
25070221
25070222
25070223
25070224
25070225
25070226
25070227
25070228
25070229
25070230
25070231
25070232
25070233
25070234
25070235
25070236
25070237
25070238
25070239
25070240
25070241
25070242
25070243
25070244
25070245
25070246
25070247
25070248
25070249
25070250
25070251
25070252
25070253
25070254
25070255
25070256
25070257
25070258
25070259
25070260
25070261
25070262
25070263
25070264
25070265
25070266
25070267
25070268
25070269
25070270
25070271
25070272
25070273
25070274
25070275
25070276
25070277
25070278
25070279
25070280
25070281
25070282
25070283
25070284
25070285
25070286
25070287
25070288
25070289
25070290
25070291
25070292
25070293
25070294
25070295
25070296
25070297
25070298
25070299
25070300
25070301
25070302
25070303
25070304
25070305
25070306
25070307
25070308
25070309
25070310
25070311
25070312
25070313
25070314
25070315
25070316
25070317
25070318
25070319
25070320
25070321
25070322
25070323
25070324
25070325
25070326
25070327
25070328
25070329
25070330
25070331
25070332
25070333
25070334
25070335
25070336
25070337
25070338
25070339
25070340
25070341
25070342
25070343
25070344
25070345
25070346
25070347
25070348
25070349
25070350
25070351
25070352
25070353
25070354
25070355
25070356
25070357
25070358
25070359
25070360
25070361
25070362
25070363
25070364
25070365
25070366
25070367
25070368
25070369
25070370
25070371
25070372
25070373
25070374
25070375
25070376
25070377
25070378
25070379
25070380
25070381
25070382
25070383
25070384
25070385
25070386
25070387
25070388
25070389
25070390
25070391
25070392
25070393
25070394
25070395
25070396
25070397
25070398
25070399
25070400
25070401
25070402
25070403
25070404
25070405
25070406
25070407
25070408
25070409
25070410
25070411
25070412
25070413
25070414
25070415
25070416
25070417
25070418
25070419
25070420
25070421
25070422
25070423
25070424
25070425
25070426
25070427
25070428
25070429
25070430
25070431
25070432
25070433
25070434
25070435
25070436
25070437
25070438
25070439
25070440
25070441
25070442
25070443
25070444
25070445
25070446
25070447
25070448
25070449
25070450
25070451
25070452
25070453
25070454
25070455
25070456
25070457
25070458
25070459
25070460
25070461
25070462
25070463
25070464
25070465
25070466
25070467
25070468
25070469
25070470
25070471
25070472
25070473
25070474
25070475
25070476
25070477
25070478
25070479
25070480
25070481
25070482
25070483
25070484
25070485
25070486
25070487
25070488
25070489
25070490
25070491
25070492
25070493
25070494
25070495
25070496
25070497
25070498
25070499
25070500
25070501
25070502
25070503
25070504
25070505
25070506
25070507
25070508
25070509
25070510
25070511
25070512
25070513
25070514
25070515
25070516
25070517
25070518
25070519
25070520
25070521
25070522
25070523
25070524
25070525
25070526
25070527
25070528
25070529
25070530
25070531
25070532
25070533
25070534
25070535
25070536
25070537
25070538
25070539
25070540
25070541
25070542
25070543
25070544
25070545
25070546
25070547
25070548
25070549
25070550
25070551
25070552
25070553
25070554
25070555
25070556
25070557
25070558
25070559
25070560
25070561
25070562
25070563
25070564
25070565
25070566
25070567
25070568
25070569
25070570
25070571
25070572
25070573
25070574
25070575
25070576
25070577
25070578
25070579
25070580
25070581
25070582
25070583
25070584
25070585
25070586
25070587
25070588
25070589
25070590
25070591
25070592
25070593
25070594
25070595
25070596
25070597
25070598
25070599
25070600
25070601
25070602
25070603
25070604
25070605
25070606
25070607
25070608
25070609
25070610
25070611
25070612
25070613
25070614
25070615
25070616
25070617
25070618
25070619
25070620
25070621
25070622
25070623
25070624
25070625
25070626
25070627
25070628
25070629
25070630
25070631
25070632
25070633
25070634
25070635
25070636
25070637
25070638
25070639
25070640
25070641
25070642
25070643
25070644
25070645
25070646
25070647
25070648
25070649
25070650
25070651
25070652
25070653
25070654
25070655
25070656
25070657
25070658
25070659
25070660
25070661
25070662
25070663
25070664
25070665
25070666
25070667
25070668
25070669
25070670
25070671
25070672
25070673
25070674
25070675
25070676
25070677
25070678
25070679
25070680
25070681
25070682
25070683
25070684
25070685
25070686
25070687
25070688
25070689
25070690
25070691
25070692
25070693
25070694
25070695
25070696
25070697
25070698
25070699
25070700
25070701
25070702
25070703
25070704
25070705
25070706
25070707
25070708
25070709
25070710
25070711
25070712
25070713
25070714
25070715
25070716
25070717
25070718
25070719
25070720
25070721
25070722
25070723
25070724
25070725
25070726
25070727
25070728
25070729
25070730
25070731
25070732
25070733
25070734
25070735
25070736
25070737
25070738
25070739
25070740
25070741
25070742
25070743
25070744
25070745
25070746
25070747
25070748
25070749
25070750
25070751
25070752
25070753
25070754
25070755
25070756
25070757
25070758
25070759
25070760
25070761
25070762
25070763
25070764
25070765
25070766
25070767
25070768
25070769
25070770
25070771
25070772
25070773
25070774
25070775
25070776
25070777
25070778
25070779
25070780
25070781
25070782
25070783
25070784
25070785
25070786
25070787
25070788
25070789
25070790
25070791
25070792
25070793
25070794
25070795
25070796
25070797
25070798
25070799
25070800
25070801
25070802
25070803
25070804
25070805
25070806
25070807
25070808
25070809
25070810
25070811
25070812
25070813
25070814
25070815
25070816
25070817
25070818
25070819
25070820
25070821
25070822
25070823
25070824
25070825
25070826
25070827
25070828
25070829
25070830
25070831
25070832
25070833
25070834
25070835
25070836
25070837
25070838
25070839
25070840
25070841
25070842
25070843
25070844
25070845
25070846
25070847
25070848
25070849
25070850
25070851
25070852
25070853
25070854
25070855
25070856
25070857
25070858
25070859
25070860
25070861
25070862
25070863
25070864
25070865
25070866
25070867
25070868
25070869
25070870
25070871
25070872
25070873
25070874
25070875
25070876
25070877
25070878
25070879
25070880
25070881
25070882
25070883
25070884
25070885
25070886
25070887
25070888
25070889
25070890
25070891
25070892
25070893
25070894
25070895
25070896
25070897
25070898
25070899
25070900
25070901
25070902
25070903
25070904
25070905
25070906
25070907
25070908
25070909
25070910
25070911
25070912
25070913
25070914
25070915
25070916
25070917
25070918
25070919
25070920
25070921
25070922
25070923
25070924
25070925
25070926
25070927
25070928
25070929
25070930
25070931
25070932
25070933
25070934
25070935
25070936
25070937
25070938
25070939
25070940
25070941
25070942
25070943
25070944
25070945
25070946
25070947
25070948
25070949
25070950
25070951
25070952
25070953
25070954
25070955
25070956
25070957
25070958
25070959
25070960
25070961
25070962
25070963
25070964
25070965
25070966
25070967
25070968
25070969
25070970
25070971
25070972
25070973
25070974
25070975
25070976
25070977
25070978
25070979
25070980
25070981
25070982
25070983
25070984
25070985
25070986
25070987
25070988
25070989
25070990
25070991
25070992
25070993
25070994
25070995
25070996
25070997
25070998
25070999
